>> CCIexec
alpha = 0.22, SIR = 10dB, L = 2
RC

ans =

   1.0e-05 *

    0.0947    0.1226    0.3320    0.6740

BTRC

ans =

   1.0e-05 *

    0.0949    0.1238    0.3442    0.7105

IPLCP

ans =

   1.0e-04 *

    0.0100    0.0151    0.0704    0.1990

ELP

ans =

   1.0e-05 *

    0.0956    0.1274    0.3824    0.8289

alpha = 0.35, SIR = 10dB, L = 2
RC

ans =

   1.0e-05 *

    0.0950    0.1243    0.3495    0.7268

BTRC

ans =

   1.0e-05 *

    0.0956    0.1274    0.3826    0.8297

IPLCP

ans =

   1.0e-04 *

    0.0101    0.0156    0.0785    0.2324

ELP

ans =

   1.0e-05 *

    0.0962    0.1306    0.4181    0.9440

alpha = 0.5, SIR = 10dB, L = 2
RC

ans =

   1.0e-05 *

    0.0956    0.1274    0.3817    0.8265

BTRC

ans =

   1.0e-04 *

    0.0097    0.0134    0.0458    0.1080

IPLCP

ans =

   1.0e-04 *

    0.0102    0.0164    0.0947    0.3025

ELP

ans =

   1.0e-04 *

    0.0097    0.0136    0.0487    0.1178

alpha = 0.5, SIR = 10dB, L = 6
RC

ans =

   1.0e-06 *

    0.1187    0.1548    0.4474    0.9853

BTRC

ans =

   1.0e-05 *

    0.0119    0.0156    0.0465    0.1046

IPLCP

ans =

   1.0e-05 *

    0.0125    0.0192    0.1035    0.3464

ELP

ans =

   1.0e-05 *

    0.0120    0.0161    0.0523    0.1247

alpha = 0.35, SIR = 10dB, L = 6
RC

ans =

   1.0e-05 *

    0.0119    0.0157    0.0473    0.1073

BTRC

ans =

   1.0e-05 *

    0.0120    0.0161    0.0523    0.1249

IPLCP

ans =

   1.0e-05 *

    0.0126    0.0199    0.1173    0.4166

ELP

ans =

   1.0e-05 *

    0.0121    0.0165    0.0577    0.1448

alpha = 0.5, SIR = 10dB, L = 6
RC

ans =

   1.0e-05 *

    0.0120    0.0161    0.0521    0.1243

BTRC

ans =

   1.0e-05 *

    0.0121    0.0170    0.0639    0.1691

IPLCP

ans =

   1.0e-05 *

    0.0128    0.0210    0.1454    0.5710

ELP

ans =

   1.0e-05 *

    0.0122    0.0173    0.0683    0.1870

alpha = 0.22, SIR = 20dB, L = 2
RC

ans =

   1.0e-06 *

    0.0117    0.0175    0.0814    0.2382

BTRC

ans =

   1.0e-06 *

    0.0117    0.0178    0.0860    0.2579

IPLCP

ans =

   1.0e-05 *

    0.0013    0.0024    0.0254    0.1195

ELP

ans =

   1.0e-06 *

    0.0119    0.0186    0.1010    0.3251

alpha = 0.35, SIR = 20dB, L = 2
RC

ans =

   1.0e-06 *

    0.0118    0.0179    0.0880    0.2668

BTRC

ans =

   1.0e-06 *

    0.0119    0.0186    0.1010    0.3256

IPLCP

ans =

   1.0e-05 *

    0.0013    0.0025    0.0300    0.1502

ELP

ans =

   1.0e-06 *

    0.0120    0.0193    0.1157    0.3950

alpha = 0.5, SIR = 20dB, L = 2
RC

ans =

   1.0e-06 *

    0.0119    0.0186    0.1007    0.3237

BTRC

ans =

   1.0e-06 *

    0.0121    0.0201    0.1330    0.4828

IPLCP

ans =

   1.0e-05 *

    0.0013    0.0028    0.0397    0.2209

ELP

ans =

   1.0e-06 *

    0.0122    0.0206    0.1458    0.5494

alpha = 0.5, SIR = 20dB, L = 6

SIR =

    20

RC

ans =

   1.0e-06 *

    0.0117    0.0175    0.0814    0.2382

BTRC

ans =

   1.0e-06 *

    0.0117    0.0178    0.0860    0.2579

IPLCP

ans =

   1.0e-05 *

    0.0013    0.0024    0.0254    0.1195

ELP

ans =

   1.0e-06 *

    0.0119    0.0186    0.1010    0.3251

alpha = 0.35, SIR = 10dB, L = 6
RC

ans =

   1.0e-06 *

    0.0118    0.0179    0.0880    0.2668

BTRC

ans =

   1.0e-06 *

    0.0119    0.0186    0.1010    0.3256

IPLCP

ans =

   1.0e-05 *

    0.0013    0.0025    0.0300    0.1502

ELP

ans =

   1.0e-06 *

    0.0120    0.0193    0.1157    0.3950

alpha = 0.5, SIR = 20dB, L = 6
RC

ans =

   1.0e-06 *

    0.0119    0.0186    0.1007    0.3237

BTRC

ans =

   1.0e-06 *

    0.0121    0.0201    0.1330    0.4828

IPLCP

ans =

   1.0e-05 *

    0.0013    0.0028    0.0397    0.2209

ELP

ans =

   1.0e-06 *

    0.0122    0.0206    0.1458    0.5494

>> 