>> CCIexec
alpha = 0.22, SIR = 10dB, L = 2
RC

ans =

   1.0e-03 *

    0.0379    0.0489    0.1270    0.2444

BTRC

ans =

   1.0e-03 *

    0.0380    0.0493    0.1313    0.2564

IPLCP

ans =

   1.0e-03 *

    0.0399    0.0599    0.2541    0.6394

ELP

ans =

   1.0e-03 *

    0.0383    0.0507    0.1449    0.2948

alpha = 0.35, SIR = 10dB, L = 2
RC

ans =

   1.0e-03 *

    0.0380    0.0495    0.1332    0.2617

BTRC

ans =

   1.0e-03 *

    0.0383    0.0507    0.1450    0.2951

IPLCP

ans =

   1.0e-03 *

    0.0403    0.0617    0.2808    0.7312

ELP

ans =

   1.0e-03 *

    0.0385    0.0520    0.1575    0.3314

alpha = 0.5, SIR = 10dB, L = 2
RC

ans =

   1.0e-03 *

    0.0382    0.0507    0.1447    0.2940

BTRC

ans =

   1.0e-03 *

    0.0387    0.0532    0.1715    0.3737

IPLCP

ans =

   1.0e-03 *

    0.0408    0.0650    0.3324    0.9156

ELP

ans =

   1.0e-03 *

    0.0389    0.0541    0.1814    0.4036

alpha = 0.5, SIR = 10dB, L = 6
RC

ans =

   1.0e-03 *

    0.1419    0.1725    0.3604    0.5990

BTRC

ans =

   1.0e-03 *

    0.1421    0.1738    0.3699    0.6217

IPLCP

ans =

    0.0001    0.0002    0.0006    0.0013

ELP

ans =

   1.0e-03 *

    0.1429    0.1776    0.3992    0.6932

alpha = 0.35, SIR = 10dB, L = 6
RC

ans =

   1.0e-03 *

    0.1422    0.1743    0.3740    0.6318

BTRC

ans =

   1.0e-03 *

    0.1429    0.1776    0.3994    0.6937

IPLCP

ans =

    0.0001    0.0002    0.0007    0.0014

ELP

ans =

   1.0e-03 *

    0.1436    0.1808    0.4258    0.7594

alpha = 0.5, SIR = 10dB, L = 6
RC

ans =

   1.0e-03 *

    0.1429    0.1775    0.3986    0.6918

BTRC

ans =

   1.0e-03 *

    0.1443    0.1843    0.4549    0.8341

IPLCP

ans =

    0.0002    0.0002    0.0008    0.0017

ELP

ans =

   1.0e-03 *

    0.1448    0.1866    0.4751    0.8861

alpha = 0.22, SIR = 20dB, L = 2
RC

ans =

   1.0e-05 *

    0.0087    0.0124    0.0484    0.1252

BTRC

ans =

   1.0e-05 *

    0.0087    0.0125    0.0508    0.1343

IPLCP

ans =

   1.0e-05 *

    0.0093    0.0165    0.1326    0.5218

ELP

ans =

   1.0e-05 *

    0.0088    0.0131    0.0585    0.1649

alpha = 0.35, SIR = 20dB, L = 2
RC

ans =

   1.0e-05 *

    0.0087    0.0126    0.0518    0.1385

BTRC

ans =

   1.0e-05 *

    0.0088    0.0131    0.0586    0.1651

IPLCP

ans =

   1.0e-05 *

    0.0094    0.0172    0.1535    0.6386

ELP

ans =

   1.0e-05 *

    0.0088    0.0135    0.0660    0.1959

alpha = 0.5, SIR = 20dB, L = 2
RC

ans =

   1.0e-05 *

    0.0088    0.0130    0.0584    0.1643

BTRC

ans =

   1.0e-05 *

    0.0089    0.0140    0.0747    0.2340

IPLCP

ans =

   1.0e-05 *

    0.0096    0.0186    0.1969    0.8981

ELP

ans =

   1.0e-05 *

    0.0090    0.0143    0.0811    0.2624

alpha = 0.5, SIR = 20dB, L = 6
RC

ans =

   1.0e-05 *

    0.0087    0.0124    0.0484    0.1252

BTRC

ans =

   1.0e-05 *

    0.0087    0.0125    0.0508    0.1343

IPLCP

ans =

   1.0e-05 *

    0.0093    0.0165    0.1326    0.5218

ELP

ans =

   1.0e-05 *

    0.0088    0.0131    0.0585    0.1649

alpha = 0.35, SIR = 10dB, L = 6
RC

ans =

   1.0e-05 *

    0.0087    0.0126    0.0518    0.1385

BTRC

ans =

   1.0e-05 *

    0.0088    0.0131    0.0586    0.1651

IPLCP

ans =

   1.0e-05 *

    0.0094    0.0172    0.1535    0.6386

ELP

ans =

   1.0e-05 *

    0.0088    0.0135    0.0660    0.1959

alpha = 0.5, SIR = 20dB, L = 6
RC

ans =

   1.0e-05 *

    0.0088    0.0130    0.0584    0.1643

BTRC

ans =

   1.0e-05 *

    0.0089    0.0140    0.0747    0.2340

IPLCP

ans =

   1.0e-05 *

    0.0096    0.0186    0.1969    0.8981

ELP

ans =

   1.0e-05 *

    0.0090    0.0143    0.0811    0.2624

>> 