>> CCIexec_trunc
alpha = 0.22, SIR = 10dB, L = 2, trunc = 5
RC

ans =

    0.3788    0.4885    1.2697    2.4440

BTRC

ans =

    0.3798    0.4932    1.3133    2.5641

IPLCP

ans =

    0.3994    0.5986    2.5415    6.3943

ELP

ans =

    0.3825    0.5073    1.4493    2.9479

alpha = 0.35, SIR = 10dB, L = 2
RC

ans =

    0.3802    0.4952    1.3324    2.6173

BTRC

ans =

    0.3825    0.5073    1.4501    2.9507

IPLCP

ans =

    0.4026    0.6171    2.8080    7.3116

ELP

ans =

    0.3849    0.5195    1.5750    3.3138

alpha = 0.5, SIR = 10dB, L = 2
RC

ans =

    0.3825    0.5070    1.4466    2.9405

BTRC

ans =

    0.3873    0.5324    1.7153    3.7365

IPLCP

ans =

    0.4082    0.6501    3.3244    9.1560

ELP

ans =

    0.3890    0.5412    1.8140    4.0363

alpha = 0.5, SIR = 10dB, L = 6
RC

ans =

    1.4186    1.7250    3.6036    5.9896

BTRC

ans =

    1.4213    1.7376    3.6988    6.2175

IPLCP

ans =

    1.4774    2.0170    6.1749   12.7172

ELP

ans =

    1.4292    1.7756    3.9923    6.9315

alpha = 0.35, SIR = 10dB, L = 6
RC

ans =

    1.4225    1.7431    3.7405    6.3178

BTRC

ans =

    1.4293    1.7757    3.9938    6.9367

IPLCP

ans =

    1.4865    2.0647    6.6737   14.1357

ELP

ans =

    1.4360    1.8085    4.2580    7.5942

alpha = 0.5, SIR = 10dB, L = 6
RC

ans =

    1.4291    1.7748    3.9864    6.9179

BTRC

ans =

    1.4430    1.8429    4.5492    8.3414

IPLCP

ans =

    1.5023    2.1493    7.6133   16.8895

ELP

ans =

    1.4478    1.8663    4.7509    8.8606

alpha = 0.22, SIR = 20dB, L = 2
RC

ans =

    0.0009    0.0012    0.0048    0.0125

BTRC

ans =

    0.0009    0.0013    0.0051    0.0134

IPLCP

ans =

    0.0009    0.0017    0.0133    0.0522

ELP

ans =

    0.0009    0.0013    0.0059    0.0165

alpha = 0.35, SIR = 20dB, L = 2
RC

ans =

    0.0009    0.0013    0.0052    0.0138

BTRC

ans =

    0.0009    0.0013    0.0059    0.0165

IPLCP

ans =

    0.0009    0.0017    0.0154    0.0639

ELP

ans =

    0.0009    0.0014    0.0066    0.0196

alpha = 0.5, SIR = 20dB, L = 2
RC

ans =

    0.0009    0.0013    0.0058    0.0164

BTRC

ans =

    0.0009    0.0014    0.0075    0.0234

IPLCP

ans =

    0.0010    0.0019    0.0197    0.0898

ELP

ans =

    0.0009    0.0014    0.0081    0.0262

alpha = 0.5, SIR = 20dB, L = 6
RC

ans =

    0.0009    0.0012    0.0048    0.0125

BTRC

ans =

    0.0009    0.0013    0.0051    0.0134

IPLCP

ans =

    0.0009    0.0017    0.0133    0.0522

ELP

ans =

    0.0009    0.0013    0.0059    0.0165

alpha = 0.35, SIR = 10dB, L = 6
RC

ans =

    0.0009    0.0013    0.0052    0.0138

BTRC

ans =

    0.0009    0.0013    0.0059    0.0165

IPLCP

ans =

    0.0009    0.0017    0.0154    0.0639

ELP

ans =

    0.0009    0.0014    0.0066    0.0196

alpha = 0.5, SIR = 20dB, L = 6
RC

ans =

    0.0009    0.0013    0.0058    0.0164

BTRC

ans =

    0.0009    0.0014    0.0075    0.0234

IPLCP

ans =

    0.0010    0.0019    0.0197    0.0898

ELP

ans =

    0.0009    0.0014    0.0081    0.0262

alpha = 0.22, SIR = 10dB, L = 2, trunc = 10
RC

ans =

    0.3788    0.4885    1.2697    2.4440

BTRC

ans =

    0.3798    0.4932    1.3133    2.5641

IPLCP

ans =

    0.3994    0.5986    2.5415    6.3943

ELP

ans =

    0.3825    0.5073    1.4493    2.9479

alpha = 0.35, SIR = 10dB, L = 2
RC

ans =

    0.3802    0.4952    1.3324    2.6173

BTRC

ans =

    0.3825    0.5073    1.4501    2.9507

IPLCP

ans =

    0.4026    0.6171    2.8080    7.3116

ELP

ans =

    0.3849    0.5195    1.5750    3.3138

alpha = 0.5, SIR = 10dB, L = 2
RC

ans =

    0.3825    0.5070    1.4466    2.9405

BTRC

ans =

    0.3873    0.5324    1.7153    3.7365

IPLCP

ans =

    0.4082    0.6501    3.3244    9.1560

ELP

ans =

    0.3890    0.5412    1.8140    4.0363

alpha = 0.5, SIR = 10dB, L = 6
RC

ans =

    1.4186    1.7250    3.6036    5.9896

BTRC

ans =

    1.4213    1.7376    3.6988    6.2175

IPLCP

ans =

    1.4774    2.0170    6.1749   12.7172

ELP

ans =

    1.4292    1.7756    3.9923    6.9315

alpha = 0.35, SIR = 10dB, L = 6
RC

ans =

    1.4225    1.7431    3.7405    6.3178

BTRC

ans =

    1.4293    1.7757    3.9938    6.9367

IPLCP

ans =

    1.4865    2.0647    6.6737   14.1357

ELP

ans =

    1.4360    1.8085    4.2580    7.5942

alpha = 0.5, SIR = 10dB, L = 6
RC

ans =

    1.4291    1.7748    3.9864    6.9179

BTRC

ans =

    1.4430    1.8429    4.5492    8.3414

IPLCP

ans =

    1.5023    2.1493    7.6133   16.8895

ELP

ans =

    1.4478    1.8663    4.7509    8.8606

alpha = 0.22, SIR = 20dB, L = 2
RC

ans =

    0.0009    0.0012    0.0048    0.0125

BTRC

ans =

    0.0009    0.0013    0.0051    0.0134

IPLCP

ans =

    0.0009    0.0017    0.0133    0.0522

ELP

ans =

    0.0009    0.0013    0.0059    0.0165

alpha = 0.35, SIR = 20dB, L = 2
RC

ans =

    0.0009    0.0013    0.0052    0.0138

BTRC

ans =

    0.0009    0.0013    0.0059    0.0165

IPLCP

ans =

    0.0009    0.0017    0.0154    0.0639

ELP

ans =

    0.0009    0.0014    0.0066    0.0196

alpha = 0.5, SIR = 20dB, L = 2
RC

ans =

    0.0009    0.0013    0.0058    0.0164

BTRC

ans =

    0.0009    0.0014    0.0075    0.0234

IPLCP

ans =

    0.0010    0.0019    0.0197    0.0898

ELP

ans =

    0.0009    0.0014    0.0081    0.0262

alpha = 0.5, SIR = 20dB, L = 6
RC

ans =

    0.0009    0.0012    0.0048    0.0125

BTRC

ans =

    0.0009    0.0013    0.0051    0.0134

IPLCP

ans =

    0.0009    0.0017    0.0133    0.0522

ELP

ans =

    0.0009    0.0013    0.0059    0.0165

alpha = 0.35, SIR = 10dB, L = 6
RC

ans =

    0.0009    0.0013    0.0052    0.0138

BTRC

ans =

    0.0009    0.0013    0.0059    0.0165

IPLCP

ans =

    0.0009    0.0017    0.0154    0.0639

ELP

ans =

    0.0009    0.0014    0.0066    0.0196

alpha = 0.5, SIR = 20dB, L = 6
RC

ans =

    0.0009    0.0013    0.0058    0.0164

BTRC

ans =

    0.0009    0.0014    0.0075    0.0234

IPLCP

ans =

    0.0010    0.0019    0.0197    0.0898

ELP

ans =

    0.0009    0.0014    0.0081    0.0262

>> 