>> ISICCIexec
alpha = 0.22, SNR = 15dB, SIR = 15dB, L = 6
RC

ans =

    0.0000    0.0000    0.0016    0.0092

BTRC

ans =

    0.0000    0.0000    0.0008    0.0049

IPLCP

ans =

   1.0e-03 *

    0.0011    0.0018    0.0193    0.1108

ELP

ans =

    0.0000    0.0000    0.0002    0.0015

alpha = 0.35, SNR = 15dB, SIR = 15dB, L = 6
RC

ans =

    0.0000    0.0000    0.0006    0.0039

BTRC

ans =

    0.0000    0.0000    0.0002    0.0013

IPLCP

ans =

   1.0e-04 *

    0.0105    0.0174    0.1647    0.9308

ELP

ans =

   1.0e-03 *

    0.0013    0.0036    0.1005    0.6635

alpha = 0.5, SNR = 15dB, SIR = 15dB, L = 6
RC

ans =

    0.0000    0.0000    0.0002    0.0013

BTRC

ans =

   1.0e-03 *

    0.0012    0.0028    0.0570    0.3577

IPLCP

ans =

   1.0e-04 *

    0.0104    0.0164    0.1354    0.7465

ELP

ans =

   1.0e-03 *

    0.0012    0.0025    0.0426    0.2579

>> 