>> ISICCIexec
alpha = 0.22, SNR = 15dB, SIR = 15dB, L = 6
RC

ans =

    0.0064    0.0099    0.0296    0.0494

BTRC

ans =

    0.0063    0.0092    0.0263    0.0440

IPLCP

ans =

    0.0058    0.0071    0.0150    0.0248

ELP

ans =

    0.0061    0.0084    0.0216    0.0362

alpha = 0.35, SNR = 15dB, SIR = 15dB, L = 6
RC

ans =

    0.0063    0.0091    0.0253    0.0424

BTRC

ans =

    0.0061    0.0083    0.0212    0.0355

IPLCP

ans =

    0.0058    0.0070    0.0147    0.0244

ELP

ans =

    0.0060    0.0079    0.0192    0.0320

alpha = 0.5, SNR = 15dB, SIR = 15dB, L = 6
RC

ans =

    0.0061    0.0083    0.0214    0.0357

BTRC

ans =

    0.0059    0.0075    0.0173    0.0288

IPLCP

ans =

    0.0058    0.0070    0.0147    0.0242

ELP

ans =

    0.0059    0.0074    0.0167    0.0278

>> 