>> ISICCIexec_trunc
alpha = 0.22, SNR = 15dB, SIR = 15dB, L = 6
RC

ans =

    0.0533    0.5783   33.8166  135.2714

BTRC

ans =

    0.0441    0.3715   19.0095   83.6244

IPLCP

ans =

    0.0192    0.0469    0.8711    4.7713

ELP

ans =

    0.0334    0.1947    7.5796   36.2860

alpha = 0.35, SNR = 15dB, SIR = 15dB, L = 6
RC

ans =

    0.0419    0.3316   16.2875   73.0067

BTRC

ans =

    0.0326    0.1830    6.8644   32.9334

IPLCP

ans =

    0.0186    0.0422    0.7338    4.0973

ELP

ans =

    0.0283    0.1299    4.0951   20.1646

alpha = 0.5, SNR = 15dB, SIR = 15dB, L = 6
RC

ans =

    0.0329    0.1869    7.0539   33.8522

BTRC

ans =

    0.0245    0.0918    2.4397   12.1868

IPLCP

ans =

    0.0179    0.0374    0.5870    3.3573

ELP

ans =

    0.0232    0.0791    1.9090    9.6591

alpha = 0.22, SNR = 15dB, SIR = 15dB, L = 6, trunc=10
RC

ans =

    0.0329    0.1869    7.0552   33.8582

BTRC

ans =

    0.0245    0.0922    2.4582   12.2802

IPLCP

ans =

    0.0179    0.0374    0.5870    3.3573

ELP

ans =

    0.0232    0.0791    1.9090    9.6591

alpha = 0.35, SNR = 15dB, SIR = 15dB, L = 6
RC

ans =

    0.0420    0.3318   16.3029   73.0655

BTRC

ans =

    0.0327    0.1839    6.9204   33.1760

IPLCP

ans =

    0.0186    0.0422    0.7338    4.0973

ELP

ans =

    0.0283    0.1299    4.0951   20.1646

alpha = 0.5, SNR = 15dB, SIR = 15dB, L = 6
RC

ans =

    0.0329    0.1869    7.0552   33.8582

BTRC

ans =

    0.0245    0.0922    2.4582   12.2802

IPLCP

ans =

    0.0179    0.0374    0.5870    3.3573

ELP

ans =

    0.0232    0.0791    1.9090    9.6591

>> 