>> ISIexec_trunc
alpha = 0.22, SNR = 10dB, trunc = 5
RC

ans =

   10.9160   24.0456  146.0228  311.6223

BTRC

ans =

   10.4279   21.0626  117.0209  253.3111

IPLCP

ans =

    8.6923   11.9004   39.1931   85.9924

ELP

ans =

    9.7592   17.3061   82.6437  180.5615

alpha = 0.35, SNR = 10dB, trunc = 5
RC

ans =

   10.3033   20.3386  110.2244  239.2211

BTRC

ans =

    9.7016   16.9927   79.7476  174.0613

IPLCP

ans =

    8.6520   11.6960   37.4739   82.0389

ELP

ans =

    9.3900   15.3648   66.0744  144.4472

alpha = 0.5, SNR = 10dB, trunc = 5
RC

ans =

    9.7258   17.1185   80.8106  176.4138

BTRC

ans =

    9.0921   13.8736   54.2947  118.7529

IPLCP

ans =

    8.6221   11.5306   35.7992   77.9018

ELP

ans =

    8.9936   13.3795   50.3932  110.2497

alpha = 0.22, SNR = 20dB, trunc = 5
RC

ans =

    0.0000    0.0000    0.1873   17.0503

BTRC

ans =

    0.0000    0.0000    0.0051    1.4755

IPLCP

ans =

   1.0e-06 *

   -0.0000E-06    0.0000E-06    0.0001E-06    0.1372E-06

ELP

ans =

         0    0.0000    0.0000    0.0161

alpha = 0.35, SNR = 20dB, trunc = 5
RC

ans =

    0.0000    0.0000    0.0021    0.7388

BTRC

ans =

    0.0000    0.0000    0.0000    0.0120

IPLCP

ans =

   1.0e-07 *

    0.0000E-07    0.0000E-07    0.0004E-07    0.5159E-07

ELP

ans =

   1.0e-03 *

   -0.0000         0    0.0006E-03    0.5141E-03

alpha = 0.5, SNR = 20dB
RC

ans =

   -0.0000    0.0000    0.0000    0.0091

BTRC

ans =

   1.0e-04 *

    0.0000   -0.0000    0.0008E-04    0.7784E-04

IPLCP

ans =

   1.0e-07 *

   -0.0000    0.0000    0.0001E-07    0.1355E-07

ELP

ans =

   1.0e-05 *

    0.0000   -0.0000    0.0007E-05    0.7341E-05

alpha = 0.22, SNR = 10dB
trunc = 10
RC

ans =

   10.9199   24.0695  146.2361  312.0126

BTRC

ans =

   10.4443   21.1656  118.0801  255.4901

IPLCP

ans =

    8.6923   11.9004   39.1931   85.9924

ELP

ans =

    9.7592   17.3061   82.6437  180.5615

alpha = 0.35, SNR = 10dB
RC

ans =

   10.3037   20.3416  110.2561  239.2878

BTRC

ans =

    9.7052   17.0123   79.9238  174.4399

IPLCP

ans =

    8.6520   11.6960   37.4739   82.0389

ELP

ans =

    9.3900   15.3648   66.0744  144.4472

alpha = 0.5, SNR = 10dB
RC

ans =

    9.7259   17.1189   80.8147  176.4230

BTRC

ans =

    9.0944   13.8855   54.3985  118.9929

IPLCP

ans =

    8.6221   11.5306   35.7992   77.9018

ELP

ans =

    8.9936   13.3795   50.3932  110.2498

alpha = 0.22, SNR = 20dB
RC

ans =

    0.0000    0.0000    0.1955   17.3563

BTRC

ans =

   -0.0000    0.0000    0.0075    1.8958

IPLCP

ans =

   1.0e-06 *

   -0.0000    0.0000    0.0001    0.1372

ELP

ans =

         0    0.0000    0.0000    0.0161

alpha = 0.35, SNR = 20dB
RC

ans =

    0.0000    0.0000    0.0021    0.7459

BTRC

ans =

   -0.0000    0.0000    0.0000    0.0134

IPLCP

ans =

   1.0e-07 *

    0.0000    0.0000    0.0004    0.5159

ELP

ans =

   1.0e-03 *

         0    0.0000    0.0006    0.5141

alpha = 0.5, SNR = 20dB
RC

ans =

   -0.0000    0.0000    0.0000    0.0091

BTRC

ans =

   1.0e-04 *

    0.0000   -0.0000    0.0009    0.8780

IPLCP

ans =

   1.0e-07 *

   -0.0000    0.0000    0.0001    0.1355

ELP

ans =

   1.0e-05 *

    0.0000   -0.0000    0.0007    0.7341

>> 